273
342
405
454
489
501
489
451
390
320
255
203
169
158
180
227
291
371
486
262
166
406
470
226
190
436
443
195
223
460
407
168
259
475
374
185
360
578
443
253
360
341
49
0
31
270
396
229
275
508
451
194
265
487
387
169
306
497
343
164
353
502
300
165
390
492
263
186
428
478
233
219
466
456
210
261
498
429
200
314
525
400
200
368
541
363
205
414
538
319
208
440
510
262
206
443
454
201
213
449
403
159
238
458
355
137
276
467
312
129
320
469
270
138
366
469
241
165
410
457
212
199
446
435
189
239
472
401
170
281
486
355
155
322
492
311
150
360
484
265
160
397
470
228
181
427
443
195
211
451
407
168
250
472
369
154
296
485
327
147
340
488
287
157
387
487
255
179
427
476
228
212
452
438
190
239
469
392
160
273
483
352
153
322
493
311
154
365
488
270
165
402
475
245
220
489
539
315
308
455
273
0
0
123
374
291
185
413
543
318
187
410
491
254
199
445
471
224
230
472
443
202
272
498
406
186
319
516
367
182
368
525
331
191
413
523
298
214
458
515
271
250
497
495
249
289
523
457
219
320
528
397
184
337
506
325
155
355
481
265
148
381
458
218
163
408
432
185
195
439
407
167
243
470
376
158
295
491
341
156
343
498
303
165
388
492
263
177
418
468
222
200
445
437
190
232
465
398
163
269
480
356
150
310
483
307
145
353
483
268
156
390
470
234
184
431
455
208
222
466
430
184
257
479
382
160
294
486
333
150
339
492
295
157
381
485
256
173
416
468
221
200
449
458
233
305
572
517
234
211
295
137
0
85
361
483
272
263
491
463
204
250
483
410
180
292
500
369
170
340
510
328
172
384
509
293
189
426
500
261
220
467
484
237
260
501
460
224
311
534
432
218
361
550
392
215
404
545
339
204
424
513
274
193
430
466
214
200
439
419
172
223
452
376
146
259
464
334
139
307
475
295
143
357
480
262
162
401
472
233
192
437
452
205
227
464
417
180
265
481
374
161
304
490
329
153
347
491
287
160
385
478
246
176
418
457
211
204
448
429
185
240
471
394
166
280
482
346
151
324
491
306
155
369
489
270
176
418
487
242
199
443
455
206
226
460
410
174
262
479
370
160
307
493
329
153
346
489
286
162
390
490
275
229
506
583
330
245
330
206
0
0
146
429
359
217
400
537
321
174
395
500
273
193
434
481
236
219
465
455
211
257
488
419
192
302
509
382
183
349
522
345
189
399
528
314
210
448
525
288
243
489
509
263
279
515
472
229
305
520
409
186
320
502
341
156
341
483
280
146
370
467
236
161
402
447
203
191
433
419
175
227
459
387
160
276
483
351
153
321
490
310
157
368
490
272
168
404
474
232
190
434
448
199
219
458
412
172
255
472
368
155
299
483
323
146
339
484
282
155
381
476
244
172
416
457
211
203
446
429
185
239
469
393
167
287
492
357
162
334
503
320
163
371
489
268
165
401
467
225
185
432
444
198
222
460
411
175
264
482
373
161
305
489
337
183
399
576
405
272
424
366
31
0
61
296
366
209
321
539
424
190
315
505
353
171
357
506
307
171
395
497
266
185
428
477
233
216
462
453
210
259
493
423
192
305
516
390
193
362
536
360
206
418
546
332
226
461
535
292
242
483
495
240
249
478
430
186
261
477
369
150
287
474
317
138
327
474
273
141
366
464
235
161
404
449
205
194
440
428
184
235
465
390
163
278
486
353
157
322
491
309
154
363
483
266
165
400
468
228
187
429
442
196
217
454
409
172
258
477
370
158
302
489
327
152
345
490
287
160
387
483
250
180
425
467
222
214
459
446
202
252
477
396
168
285
485
345
148
321
487
302
151
365
483
264
167
405
471
230
192
438
449
215
261
521
504
295
360
479
220
0
5
153
366
251
207
464
531
275
213
448
467
222
238
477
436
196
275
497
397
180
320
510
355
174
363
514
316
184
407
507
279
205
450
499
256
243
491
483
242
293
526
455
228
340
546
414
213
375
539
353
190
391
506
283
174
403
470
227
178
419
434
187
204
441
397
160
242
464
360
147
290
479
324
149
342
489
289
161
386
483
253
181
423
465
218
207
449
434
190
241
469
393
165
278
482
349
154
321
487
305
152
362
483
265
165
400
468
229
188
431
443
196
219
458
411
174
259
476
371
160
303
489
329
155
347
490
287
163
391
486
256
187
431
473
230
218
455
437
193
246
470
388
163
283
486
348
155
327
490
308
160
372
488
266
171
410
476
246
229
494
538
325
335
479
271
0
0
101
349
284
200
432
547
316
192
416
490
254
206
448
465
220
236
475
435
197
276
497
397
182
320
510
356
176
366
515
319
190
415
516
289
215
456
504
265
255
499
489
248
297
528
454
224
331
532
397
193
351
511
323
162
363
482
263
158
390
458
218
174
417
431
187
206
442
399
163
247
468
365
154
297
485
328
154
347
491
290
161
387
484
253
179
421
463
220
209
449
431
189
241
469
393
166
280
482
349
155
322
486
303
152
364
482
264
165
399
465
225
187
431
441
194
218
455
407
172
259
475
368
159
304
487
327
155
347
488
284
160
387
478
248
183
427
465
220
216
460
443
201
254
481
401
175
290
489
350
156
327
491
308
159
372
488
267
173
410
474
232
196
441
453
223
272
533
519
302
349
439
190
0
12
235
392
241
257
503
489
228
250
479
421
189
283
494
379
177
332
509
339
175
376
508
300
184
416
499
266
210
454
484
241
247
488
460
222
294
521
434
217
349
545
400
217
398
553
359
216
430
533
302
208
439
486
237
206
443
435
186
222
453
388
156
256
466
345
144
302
478
307
145
348
479
271
160
392
477
242
187
431
456
211
220
460
426
186
258
481
385
166
299
493
340
154
338
492
296
157
380
483
253
171
416
467
217
194
442
435
187
234
475
402
161
274
494
360
149
320
503
315
147
369
505
273
155
415
501
238
180
454
480
207
219
490
450
182
264
518
403
152
301
519
344
132
341
518
294
134
386
508
251
156
432
490
210
184
466
458
179
238
526
474
246
393
606
360
0
7
148
309
145
128
462
556
270
214
480
476
194
230
504
439
169
274
521
387
150
324
531
339
145
374
531
294
160
425
524
256
187
467
504
227
231
509
477
206
284
546
447
200
345
568
401
189
391
565
343
176
415
531
270
165
428
483
206
172
445
438
162
203
467
394
133
246
486
347
119
299
499
304
122
353
501
262
136
400
490
221
161
440
468
189
199
468
428
158
241
493
381
133
284
502
330
124
332
503
280
125
379
496
233
137
417
479
200
173
455
449
166
213
486
411
142
260
505
362
127
313
517
313
122
359
512
264
133
404
496
219
157
443
471
188
199
480
440
166
253
507
391
138
292
513
333
120
334
508
281
124
382
501
239
146
425
481
199
179
462
449
168
234
524
466
237
392
606
349
0
0
133
293
128
118
461
551
258
209
480
470
185
227
502
429
159
273
521
381
144
326
533
332
141
379
534
289
157
428
525
249
184
471
504
220
232
517
477
198
288
556
446
192
349
577
398
183
398
573
336
170
425
539
263
162
439
490
198
172
456
439
151
204
479
396
125
250
497
343
109
305
508
298
113
361
510
255
131
413
502
220
164
455
475
183
203
488
433
150
246
508
384
130
295
519
330
120
348
521
280
127
395
510
234
146
434
482
192
181
471
447
160
227
502
405
136
276
518
353
124
329
527
305
127
380
520
258
144
428
504
217
174
468
476
186
221
504
439
162
275
536
399
145
321
536
338
134
366
526
277
136
411
514
235
160
451
487
195
196
485
450
162
238
514
424
181
360
630
463
182
261
329
74
0
55
346
481
241
241
516
478
177
240
515
418
152
293
533
369
141
347
540
318
142
396
536
275
164
448
522
238
201
492
500
211
250
532
469
195
308
565
431
189
371
585
388
189
421
578
330
188
451
543
261
187
463
486
193
196
469
426
146
226
480
369
118
270
488
316
112
321
490
272
125
376
489
238
155
424
475
206
191
461
448
181
235
489
406
156
279
505
357
141
325
508
308
138
368
500
260
149
409
483
219
173
442
455
185
209
470
416
158
252
490
369
138
298
502
323
134
350
506
284
150
401
504
251
179
441
478
209
203
465
437
171
235
486
394
151
285
504
349
141
334
509
303
144
380
503
263
180
462
554
325
302
519
389
0
0
54
269
304
144
307
560
421
180
336
522
334
156
378
521
291
165
419
508
249
187
455
482
215
222
488
452
191
271
518
413
176
323
537
373
177
381
550
338
193
440
556
308
220
484
537
268
245
508
492
217
259
505
421
164
277
497
352
131
309
493
296
123
347
480
245
132
391
470
210
162
430
448
182
